Name	Xpos(f)	Ypos(f)	XposEnd(f)	YposEnd(t)	Xpos(i)	Ypos(i)	XposEnd(i)	YposEnd(i)	
p4_Scythe_norm_base_01_Icon	0.000000	0.000000	0.062500	1.000000	0	0	64	128	
p6_Scythe_norm_base_01_icon	0.062500	0.000000	0.125000	1.000000	64	0	128	128	
p6_scythe_norm_base_02_icon	0.125000	0.000000	0.187500	1.000000	128	0	192	128	
p6_scythe_norm_base_03_icon	0.187500	0.000000	0.250000	1.000000	192	0	256	128	
p6_Scythe_norm_base_04_icon	0.250000	0.000000	0.312500	1.000000	256	0	320	128	
p6_scythe_norm_unique_01_icon	0.312500	0.000000	0.375000	1.000000	320	0	384	128	
p6_scythe_norm_unique_02_icon	0.375000	0.000000	0.437500	1.000000	384	0	448	128	
p6_scythe_norm_unique_03_icon	0.437500	0.000000	0.500000	1.000000	448	0	512	128	
p6_scythe_norm_unique_04_icon	0.500000	0.000000	0.562500	1.000000	512	0	576	128	
