Name	Xpos(f)	Ypos(f)	XposEnd(f)	YposEnd(t)	Xpos(i)	Ypos(i)	XposEnd(i)	YposEnd(i)	
Class_DH_Lvl60_2	0.000000	0.000000	0.125000	0.125000	0	0	256	256	
Class_DH_Multi_Kill	0.125000	0.000000	0.250000	0.125000	256	0	512	256	
Class_DH_Nightmare	0.250000	0.000000	0.375000	0.125000	512	0	768	256	
Class_DH_Normal	0.375000	0.000000	0.500000	0.125000	768	0	1024	256	
Class_DH_Traps	0.500000	0.000000	0.625000	0.125000	1024	0	1280	256	
Class_DH_Vault	0.625000	0.000000	0.750000	0.125000	1280	0	1536	256	
Class_Monk_Hell	0.750000	0.000000	0.875000	0.125000	1536	0	1792	256	
Class_Monk_Inferno	0.875000	0.000000	1.000000	0.125000	1792	0	2048	256	
Class_Monk_Nightmare	0.000000	0.125000	0.125000	0.250000	0	256	256	512	
Class_Monk_Normal	0.125000	0.125000	0.250000	0.250000	256	256	512	512	
Class_Monk_7_Strike	0.250000	0.125000	0.375000	0.250000	512	256	768	512	
Class_Monk_Buff	0.375000	0.125000	0.500000	0.250000	768	256	1024	512	
Class_Monk_dodge	0.500000	0.125000	0.625000	0.250000	1024	256	1280	512	
Class_Monk_Equip_Items	0.625000	0.125000	0.750000	0.250000	1280	256	1536	512	
Class_Monk_Exploding_Palm	0.750000	0.125000	0.875000	0.250000	1536	256	1792	512	
Class_Monk_Health	0.875000	0.125000	1.000000	0.250000	1792	256	2048	512	
Class_Monk_Lvl60_2	0.000000	0.250000	0.125000	0.375000	0	512	256	768	
Class_Monk_Spirit_Kills	0.125000	0.250000	0.250000	0.375000	256	512	512	768	
Class_WD_Buff_Pets	0.250000	0.250000	0.375000	0.375000	512	512	768	768	
Class_WD_Chickens	0.375000	0.250000	0.500000	0.375000	768	512	1024	768	
Class_WD_DOTS	0.500000	0.250000	0.625000	0.375000	1024	512	1280	768	
Class_WD_Equip_Items	0.625000	0.250000	0.750000	0.375000	1280	512	1536	768	
Class_WD_Hell	0.750000	0.250000	0.875000	0.375000	1536	512	1792	768	
Class_WD_Inferno	0.875000	0.250000	1.000000	0.375000	1792	512	2048	768	
Class_WD_Lvl60_2	0.000000	0.375000	0.125000	0.500000	0	768	256	1024	
Class_WD_Monster_Betrayal	0.125000	0.375000	0.250000	0.500000	256	768	512	1024	
Class_WD_Monster_Control	0.250000	0.375000	0.375000	0.500000	512	768	768	1024	
Class_WD_Nightmare	0.375000	0.375000	0.500000	0.500000	768	768	1024	1024	
Class_WD_Normal	0.500000	0.375000	0.625000	0.500000	1024	768	1280	1024	
Class_WD_Pets_Multi	0.625000	0.375000	0.750000	0.500000	1280	768	1536	1024	
Class_WD_Sacrifice	0.750000	0.375000	0.875000	0.500000	1536	768	1792	1024	
Class_WD_Summon_Zdogs	0.875000	0.375000	1.000000	0.500000	1792	768	2048	1024	
Class_Wiz_Armor	0.000000	0.500000	0.125000	0.625000	0	1024	256	1280	
Class_Wiz_Equip_Items	0.125000	0.500000	0.250000	0.625000	256	1024	512	1280	
Class_Wiz_Frozen	0.250000	0.500000	0.375000	0.625000	512	1024	768	1280	
Class_Wiz_Hell	0.375000	0.500000	0.500000	0.625000	768	1024	1024	1280	
Class_Wiz_Inferno	0.500000	0.500000	0.625000	0.625000	1024	1024	1280	1280	
Class_Wiz_Lvl60_2	0.625000	0.500000	0.750000	0.625000	1280	1024	1536	1280	
Class_Wiz_Nightmare	0.750000	0.500000	0.875000	0.625000	1536	1024	1792	1280	
Class_Wiz_Normal	0.875000	0.500000	1.000000	0.625000	1792	1024	2048	1280	
Class_Wiz_Protect_Follower	0.000000	0.625000	0.125000	0.750000	0	1280	256	1536	
Class_Wiz_Slow_Time	0.125000	0.625000	0.250000	0.750000	256	1280	512	1536	
Class_Wiz_Spectral_Blade	0.250000	0.625000	0.375000	0.750000	512	1280	768	1536	
Class_Wiz_Teleport	0.375000	0.625000	0.500000	0.750000	768	1280	1024	1536	
Class_Wiz_Wave_of_Force	0.500000	0.625000	0.625000	0.750000	1024	1280	1280	1536	
Combat_Azmodan_Hell	0.625000	0.625000	0.750000	0.750000	1280	1280	1536	1536	
Combat_Azmodan_Inferno	0.750000	0.625000	0.875000	0.750000	1536	1280	1792	1536	
Combat_Azmodan_Nightmare	0.875000	0.625000	1.000000	0.750000	1792	1280	2048	1536	
Combat_Azmodan_Normal	0.000000	0.750000	0.125000	0.875000	0	1536	256	1792	
Combat_Belial_Hell	0.125000	0.750000	0.250000	0.875000	256	1536	512	1792	
Combat_Belial_Inferno	0.250000	0.750000	0.375000	0.875000	512	1536	768	1792	
Combat_Belial_Nightmare	0.375000	0.750000	0.500000	0.875000	768	1536	1024	1792	
Combat_Belial_Normal	0.500000	0.750000	0.625000	0.875000	1024	1536	1280	1792	
Combat_Butcher_Hell	0.625000	0.750000	0.750000	0.875000	1280	1536	1536	1792	
Combat_Butcher_Inferno	0.750000	0.750000	0.875000	0.875000	1536	1536	1792	1792	
Combat_Butcher_Nightmare	0.875000	0.750000	1.000000	0.875000	1792	1536	2048	1792	
Combat_Butcher_Normal	0.000000	0.875000	0.125000	1.000000	0	1792	256	2048	
Combat_Chal_Azm_adds	0.125000	0.875000	0.250000	1.000000	256	1792	512	2048	
Combat_Chal_Azm_Fireball	0.250000	0.875000	0.375000	1.000000	512	1792	768	2048	
Combat_Chal_Azm_Ground	0.375000	0.875000	0.500000	1.000000	768	1792	1024	2048	
Combat_Chal_Azm_Troopers	0.500000	0.875000	0.625000	1.000000	1024	1792	1280	2048	
Combat_Chal_Belail_breath	0.625000	0.875000	0.750000	1.000000	1280	1792	1536	2048	
Combat_Chal_Belail_snakemen	0.750000	0.875000	0.875000	1.000000	1536	1792	1792	2048	
Combat_Chal_Belial_Fist	0.875000	0.875000	1.000000	1.000000	1792	1792	2048	2048	
