Name	Xpos(f)	Ypos(f)	XposEnd(f)	YposEnd(t)	Xpos(i)	Ypos(i)	XposEnd(i)	YposEnd(i)	
WaypointList_base	0.001953	0.001953	0.289551	0.587891	4	4	593	1204	
WaypointList_button	0.293457	0.001953	0.581055	0.158691	601	4	1190	325	
Waypoint_Chalice	0.913086	0.162598	0.925781	0.193848	1870	333	1896	397	
Waypoint_Town	0.929688	0.162598	0.942383	0.193848	1904	333	1930	397	
Waypoint_Btn_TEMP_Normal	0.584961	0.037109	0.787598	0.068359	1198	76	1613	140	
Waypoint_Btn_TEMP_Mouseover	0.791504	0.037109	0.994141	0.068359	1621	76	2036	140	
Waypoint_Btn_TEMP_Pushed	0.584961	0.072266	0.787598	0.103516	1198	148	1613	212	
Waypoint_Btn_0000_AncientTemple_Normal	0.791504	0.072266	0.994141	0.103516	1621	148	2036	212	
Waypoint_Btn_0000_AncientTemple_Mouseover	0.584961	0.107422	0.787598	0.138672	1198	220	1613	284	
Waypoint_Btn_0000_AncientTemple_Pushed	0.791504	0.107422	0.994141	0.138672	1621	220	2036	284	
Waypoint_Btn_0001_CathedralGarden_Normal	0.293457	0.162598	0.496094	0.193848	601	333	1016	397	
Waypoint_Btn_0001_CathedralGarden_Mouseover	0.500000	0.162598	0.702637	0.193848	1024	333	1439	397	
Waypoint_Btn_0001_CathedralGarden_Pushed	0.706543	0.162598	0.909180	0.193848	1447	333	1862	397	
Waypoint_Btn_0002_CathedralLevel01_Normal	0.293457	0.197754	0.496094	0.229004	601	405	1016	469	
Waypoint_Btn_0002_CathedralLevel01_Mouseover	0.500000	0.197754	0.702637	0.229004	1024	405	1439	469	
Waypoint_Btn_0002_CathedralLevel01_Pushed	0.706543	0.197754	0.909180	0.229004	1447	405	1862	469	
Waypoint_Btn_0003_CathedralLevel02_Normal	0.293457	0.232910	0.496094	0.264160	601	477	1016	541	
Waypoint_Btn_0003_CathedralLevel02_Mouseover	0.500000	0.232910	0.702637	0.264160	1024	477	1439	541	
Waypoint_Btn_0003_CathedralLevel02_Pushed	0.706543	0.232910	0.909180	0.264160	1447	477	1862	541	
Waypoint_Btn_0004_CathedralLevel03_Normal	0.293457	0.268066	0.496094	0.299316	601	549	1016	613	
Waypoint_Btn_0004_CathedralLevel03_Mouseover	0.500000	0.268066	0.702637	0.299316	1024	549	1439	613	
Waypoint_Btn_0004_CathedralLevel03_Pushed	0.706543	0.268066	0.909180	0.299316	1447	549	1862	613	
Waypoint_Btn_0005_CathedralLevel04_Normal	0.293457	0.303223	0.496094	0.334473	601	621	1016	685	
Waypoint_Btn_0005_CathedralLevel04_Mouseover	0.500000	0.303223	0.702637	0.334473	1024	621	1439	685	
Waypoint_Btn_0005_CathedralLevel04_Pushed	0.706543	0.303223	0.909180	0.334473	1447	621	1862	685	
Waypoint_Btn_0006_CemetaryForsaken_Normal	0.293457	0.338379	0.496094	0.369629	601	693	1016	757	
Waypoint_Btn_0006_CemetaryForsaken_Mouseover	0.500000	0.338379	0.702637	0.369629	1024	693	1439	757	
Waypoint_Btn_0006_CemetaryForsaken_Pushed	0.706543	0.338379	0.909180	0.369629	1447	693	1862	757	
Waypoint_Btn_0007_DesolateChamber_Normal	0.293457	0.373535	0.496094	0.404785	601	765	1016	829	
Waypoint_Btn_0007_DesolateChamber_Mouseover	0.500000	0.373535	0.702637	0.404785	1024	765	1439	829	
Waypoint_Btn_0007_DesolateChamber_Pushed	0.706543	0.373535	0.909180	0.404785	1447	765	1862	829	
Waypoint_Btn_0008_FieldsOfMisery_Normal	0.293457	0.408691	0.496094	0.439941	601	837	1016	901	
Waypoint_Btn_0008_FieldsOfMisery_Mouseover	0.500000	0.408691	0.702637	0.439941	1024	837	1439	901	
Waypoint_Btn_0008_FieldsOfMisery_Pushed	0.706543	0.408691	0.909180	0.439941	1447	837	1862	901	
Waypoint_Btn_0009_HallsOfAgonyLevel01_Normal	0.293457	0.443848	0.496094	0.475098	601	909	1016	973	
Waypoint_Btn_0009_HallsOfAgonyLevel01_Mouseover	0.500000	0.443848	0.702637	0.475098	1024	909	1439	973	
Waypoint_Btn_0009_HallsOfAgonyLevel01_Pushed	0.706543	0.443848	0.909180	0.475098	1447	909	1862	973	
Waypoint_Btn_0010_HallsOfAgonyLevel02_Normal	0.293457	0.479004	0.496094	0.510254	601	981	1016	1045	
Waypoint_Btn_0010_HallsOfAgonyLevel02_Mouseover	0.500000	0.479004	0.702637	0.510254	1024	981	1439	1045	
Waypoint_Btn_0010_HallsOfAgonyLevel02_Pushed	0.706543	0.479004	0.909180	0.510254	1447	981	1862	1045	
Waypoint_Btn_0011_HallsOfAgonyLevel04_Normal	0.293457	0.514160	0.496094	0.545410	601	1053	1016	1117	
Waypoint_Btn_0011_HallsOfAgonyLevel04_Mouseover	0.500000	0.514160	0.702637	0.545410	1024	1053	1439	1117	
Waypoint_Btn_0011_HallsOfAgonyLevel04_Pushed	0.706543	0.514160	0.909180	0.545410	1447	1053	1862	1117	
Waypoint_Btn_0012_Highlands01_Normal	0.293457	0.549316	0.496094	0.580566	601	1125	1016	1189	
Waypoint_Btn_0012_Highlands01_Mouseover	0.500000	0.549316	0.702637	0.580566	1024	1125	1439	1189	
Waypoint_Btn_0012_Highlands01_Pushed	0.706543	0.549316	0.909180	0.580566	1447	1125	1862	1189	
Waypoint_Btn_0013_Highlands02_Normal	0.001953	0.591797	0.204590	0.623047	4	1212	419	1276	
Waypoint_Btn_0013_Highlands02_Mouseover	0.208496	0.591797	0.411133	0.623047	427	1212	842	1276	
Waypoint_Btn_0013_Highlands02_Pushed	0.415039	0.591797	0.617676	0.623047	850	1212	1265	1276	
Waypoint_Btn_0014_LeoricsManor01_Normal	0.621582	0.591797	0.824219	0.623047	1273	1212	1688	1276	
Waypoint_Btn_0014_LeoricsManor01_Mouseover	0.001953	0.626953	0.204590	0.658203	4	1284	419	1348	
Waypoint_Btn_0014_LeoricsManor01_Pushed	0.208496	0.626953	0.411133	0.658203	427	1284	842	1348	
Waypoint_Btn_0015_NewTristram01_Normal	0.415039	0.626953	0.617676	0.658203	850	1284	1265	1348	
Waypoint_Btn_0015_NewTristram01_Mouseover	0.621582	0.626953	0.824219	0.658203	1273	1284	1688	1348	
Waypoint_Btn_0015_NewTristram01_Pushed	0.001953	0.662109	0.204590	0.693359	4	1356	419	1420	
Waypoint_Btn_0016_HiddenCorridor01_Normal	0.208496	0.662109	0.411133	0.693359	427	1356	842	1420	
Waypoint_Btn_0016_HiddenCorridor01_Mouseover	0.415039	0.662109	0.617676	0.693359	850	1356	1265	1420	
Waypoint_Btn_0016_HiddenCorridor01_Pushed	0.621582	0.662109	0.824219	0.693359	1273	1356	1688	1420	
Waypoint_Btn_0017_OldRuins_Normal	0.001953	0.697266	0.204590	0.728516	4	1428	419	1492	
Waypoint_Btn_0017_OldRuins_Mouseover	0.208496	0.697266	0.411133	0.728516	427	1428	842	1492	
Waypoint_Btn_0017_OldRuins_Pushed	0.415039	0.697266	0.617676	0.728516	850	1428	1265	1492	
Waypoint_Btn_0018_RoyalCrypts_Normal	0.621582	0.697266	0.824219	0.728516	1273	1428	1688	1492	
Waypoint_Btn_0018_RoyalCrypts_Mouseover	0.001953	0.732422	0.204590	0.763672	4	1500	419	1564	
Waypoint_Btn_0018_RoyalCrypts_Pushed	0.208496	0.732422	0.411133	0.763672	427	1500	842	1564	
Waypoint_Btn_0019_WorthamBluffs_Normal	0.415039	0.732422	0.617676	0.763672	850	1500	1265	1564	
Waypoint_Btn_0019_WorthamBluffs_Mouseover	0.621582	0.732422	0.824219	0.763672	1273	1500	1688	1564	
Waypoint_Btn_0019_WorthamBluffs_Pushed	0.001953	0.767578	0.204590	0.798828	4	1572	419	1636	
Waypoint_Btn_0020_WorthamChapel_Normal	0.208496	0.767578	0.411133	0.798828	427	1572	842	1636	
Waypoint_Btn_0020_WorthamChapel_Mouseover	0.415039	0.767578	0.617676	0.798828	850	1572	1265	1636	
Waypoint_Btn_0020_WorthamChapel_Pushed	0.621582	0.767578	0.824219	0.798828	1273	1572	1688	1636	
Waypoint_Btn_0021_LeoricsManor_Normal	0.001953	0.802734	0.204590	0.833984	4	1644	419	1708	
Waypoint_Btn_0021_LeoricsManor_Mouseover	0.208496	0.802734	0.411133	0.833984	427	1644	842	1708	
Waypoint_Btn_0021_LeoricsManor_Pushed	0.415039	0.802734	0.617676	0.833984	850	1644	1265	1708	
Waypoint_Btn_0022_Blank_Normal	0.791504	0.001953	0.994141	0.033203	1621	4	2036	68	
Waypoint_Btn_0022_Blank_Mouseover	0.584961	0.001953	0.787598	0.033203	1198	4	1613	68	
Waypoint_Btn_0022_Blank_Pushed	0.621582	0.802734	0.824219	0.833984	1273	1644	1688	1708	
