Name	Xpos(f)	Ypos(f)	XposEnd(f)	YposEnd(t)	Xpos(i)	Ypos(i)	XposEnd(i)	YposEnd(i)	
FrameCornerLowerLeft	0.015625	0.015625	0.265625	0.265625	4	4	68	68	
FrameCornerLowerRight	0.296875	0.015625	0.546875	0.265625	76	4	140	68	
FrameCornerUpperLeft	0.578125	0.015625	0.828125	0.265625	148	4	212	68	
FrameCornerUpperRight	0.015625	0.296875	0.265625	0.546875	4	76	68	140	
Frame2CornerLowerLeft	0.296875	0.296875	0.546875	0.546875	76	76	140	140	
Frame2CornerLowerRight	0.578125	0.296875	0.828125	0.546875	148	76	212	140	
Frame2CornerUpperLeft	0.015625	0.578125	0.265625	0.828125	4	148	68	212	
Frame2CornerUpperRight	0.296875	0.578125	0.546875	0.828125	76	148	140	212	
FrameCornerFill	0.859375	0.015625	0.875000	0.031250	220	4	224	8	
