Name	Xpos(f)	Ypos(f)	XposEnd(f)	YposEnd(t)	Xpos(i)	Ypos(i)	XposEnd(i)	YposEnd(i)	
ProgressSpinner_Anim01	0.808594	0.246094	0.919922	0.691406	828	63	942	177	
ProgressSpinner_Anim02	0.001953	0.246094	0.113281	0.691406	2	63	116	177	
ProgressSpinner_Anim03	0.117188	0.246094	0.228516	0.691406	120	63	234	177	
ProgressSpinner_Anim04	0.232422	0.246094	0.343750	0.691406	238	63	352	177	
ProgressSpinner_Anim05	0.347656	0.246094	0.458984	0.691406	356	63	470	177	
ProgressSpinner_Anim06	0.462891	0.246094	0.574219	0.691406	474	63	588	177	
ProgressSpinner_Anim07	0.578125	0.246094	0.689453	0.691406	592	63	706	177	
ProgressSpinner_Anim08	0.693359	0.246094	0.804688	0.691406	710	63	824	177	
ProgressSpinner_Horns	0.001953	0.007813	0.285156	0.230469	2	2	292	59	
