Name	Xpos(f)	Ypos(f)	XposEnd(f)	YposEnd(t)	Xpos(i)	Ypos(i)	XposEnd(i)	YposEnd(i)	
ButtonConfirmNo_Inactive	0.226563	0.707031	0.406250	0.779297	116	362	208	399	
ButtonConfirmNo_Mouseover	0.613281	0.015625	0.792969	0.087891	314	8	406	45	
ButtonConfirmNo_Normal	0.613281	0.119141	0.792969	0.191406	314	61	406	98	
ButtonConfirmNo_Pushed	0.613281	0.222656	0.792969	0.294922	314	114	406	151	
ButtonConfirmYes_Inactive	0.613281	0.326172	0.792969	0.398438	314	167	406	204	
ButtonConfirmYes_Mouseover	0.613281	0.429688	0.792969	0.501953	314	220	406	257	
ButtonConfirmYes_Normal	0.613281	0.533203	0.792969	0.605469	314	273	406	310	
ButtonConfirmYes_Pushed	0.015625	0.707031	0.195313	0.779297	8	362	100	399	
ConfirmationBase	0.015625	0.015625	0.582031	0.675781	8	8	298	346	
