Name	Xpos(f)	Ypos(f)	XposEnd(f)	YposEnd(t)	Xpos(i)	Ypos(i)	XposEnd(i)	YposEnd(i)	
DemonHunter_BolaShot_Inactive	0.003906	0.007813	0.066406	0.132813	4	4	68	68	
DemonHunter_BolaShot_Mouseover	0.074219	0.007813	0.136719	0.132813	76	4	140	68	
DemonHunter_BolaShot_Normal	0.144531	0.007813	0.207031	0.132813	148	4	212	68	
DemonHunter_BolaShot_Pushed	0.214844	0.007813	0.277344	0.132813	220	4	284	68	
DemonHunter_Entangle_Inactive	0.285156	0.007813	0.347656	0.132813	292	4	356	68	
DemonHunter_Entangle_Mouseover	0.355469	0.007813	0.417969	0.132813	364	4	428	68	
DemonHunter_Entangle_Normal	0.425781	0.007813	0.488281	0.132813	436	4	500	68	
DemonHunter_Entangle_Pushed	0.496094	0.007813	0.558594	0.132813	508	4	572	68	
DemonHunter_HungeringArrow_Inactive	0.566406	0.007813	0.628906	0.132813	580	4	644	68	
DemonHunter_HungeringArrow_Mouseover	0.636719	0.007813	0.699219	0.132813	652	4	716	68	
DemonHunter_HungeringArrow_Normal	0.707031	0.007813	0.769531	0.132813	724	4	788	68	
DemonHunter_HungeringArrow_Pushed	0.777344	0.007813	0.839844	0.132813	796	4	860	68	
DemonHunter_Caltrops_Inactive	0.847656	0.007813	0.910156	0.132813	868	4	932	68	
DemonHunter_Caltrops_Mouseover	0.917969	0.007813	0.980469	0.132813	940	4	1004	68	
DemonHunter_Caltrops_Normal	0.003906	0.148438	0.066406	0.273438	4	76	68	140	
DemonHunter_Caltrops_Pushed	0.074219	0.148438	0.136719	0.273438	76	76	140	140	
DemonHunter_EvasiveFire_Inactive	0.144531	0.148438	0.207031	0.273438	148	76	212	140	
DemonHunter_EvasiveFire_Mouseover	0.214844	0.148438	0.277344	0.273438	220	76	284	140	
DemonHunter_EvasiveFire_Normal	0.285156	0.148438	0.347656	0.273438	292	76	356	140	
DemonHunter_EvasiveFire_Pushed	0.355469	0.148438	0.417969	0.273438	364	76	428	140	
DemonHunter_SmokeScreen_Inactive	0.425781	0.148438	0.488281	0.273438	436	76	500	140	
DemonHunter_SmokeScreen_Mouseover	0.496094	0.148438	0.558594	0.273438	508	76	572	140	
DemonHunter_SmokeScreen_Normal	0.566406	0.148438	0.628906	0.273438	580	76	644	140	
DemonHunter_SmokeScreen_Pushed	0.636719	0.148438	0.699219	0.273438	652	76	716	140	
DemonHunter_FanOfKnives_Inactive	0.707031	0.148438	0.769531	0.273438	724	76	788	140	
DemonHunter_FanOfKnives_Mouseover	0.777344	0.148438	0.839844	0.273438	796	76	860	140	
DemonHunter_FanOfKnives_Normal	0.847656	0.148438	0.910156	0.273438	868	76	932	140	
DemonHunter_FanOfKnives_Pushed	0.917969	0.148438	0.980469	0.273438	940	76	1004	140	
DemonHunter_Grenades_Inactive	0.003906	0.289063	0.066406	0.414063	4	148	68	212	
DemonHunter_Grenades_Mouseover	0.074219	0.289063	0.136719	0.414063	76	148	140	212	
DemonHunter_Grenades_Normal	0.144531	0.289063	0.207031	0.414063	148	148	212	212	
DemonHunter_Grenades_Pushed	0.214844	0.289063	0.277344	0.414063	220	148	284	212	
DemonHunter_MarkedForDeath_Inactive	0.285156	0.289063	0.347656	0.414063	292	148	356	212	
DemonHunter_MarkedForDeath_Mouseover	0.355469	0.289063	0.417969	0.414063	364	148	428	212	
DemonHunter_MarkedForDeath_Normal	0.425781	0.289063	0.488281	0.414063	436	148	500	212	
DemonHunter_MarkedForDeath_Pushed	0.496094	0.289063	0.558594	0.414063	508	148	572	212	
DemonHunter_Ballista_Inactive	0.566406	0.289063	0.628906	0.414063	580	148	644	212	
DemonHunter_Ballista_Mouseover	0.636719	0.289063	0.699219	0.414063	652	148	716	212	
DemonHunter_Ballista_Normal	0.707031	0.289063	0.769531	0.414063	724	148	788	212	
DemonHunter_Ballista_Pushed	0.777344	0.289063	0.839844	0.414063	796	148	860	212	
DemonHunter_Chakram_Inactive	0.847656	0.289063	0.910156	0.414063	868	148	932	212	
DemonHunter_Chakram_Mouseover	0.917969	0.289063	0.980469	0.414063	940	148	1004	212	
DemonHunter_Chakram_Normal	0.003906	0.429688	0.066406	0.554688	4	220	68	284	
DemonHunter_Chakram_Pushed	0.074219	0.429688	0.136719	0.554688	76	220	140	284	
DemonHunter_SpikeTrap_Inactive	0.144531	0.429688	0.207031	0.554688	148	220	212	284	
DemonHunter_SpikeTrap_Mouseover	0.214844	0.429688	0.277344	0.554688	220	220	284	284	
DemonHunter_SpikeTrap_Normal	0.285156	0.429688	0.347656	0.554688	292	220	356	284	
DemonHunter_SpikeTrap_Pushed	0.355469	0.429688	0.417969	0.554688	364	220	428	284	
DemonHunter_Vault_Inactive	0.425781	0.429688	0.488281	0.554688	436	220	500	284	
DemonHunter_Vault_Mouseover	0.496094	0.429688	0.558594	0.554688	508	220	572	284	
DemonHunter_Vault_Normal	0.566406	0.429688	0.628906	0.554688	580	220	644	284	
DemonHunter_Vault_Pushed	0.636719	0.429688	0.699219	0.554688	652	220	716	284	
DemonHunter_Companion_Inactive	0.707031	0.429688	0.769531	0.554688	724	220	788	284	
DemonHunter_Companion_Mouseover	0.777344	0.429688	0.839844	0.554688	796	220	860	284	
DemonHunter_Companion_Normal	0.847656	0.429688	0.910156	0.554688	868	220	932	284	
DemonHunter_Companion_Pushed	0.917969	0.429688	0.980469	0.554688	940	220	1004	284	
DemonHunter_Sentry_Inactive	0.003906	0.570313	0.066406	0.695313	4	292	68	356	
DemonHunter_Sentry_Mouseover	0.074219	0.570313	0.136719	0.695313	76	292	140	356	
DemonHunter_Sentry_Normal	0.144531	0.570313	0.207031	0.695313	148	292	212	356	
DemonHunter_Sentry_Pushed	0.214844	0.570313	0.277344	0.695313	220	292	284	356	
DemonHunter_ShadowPower_Inactive	0.285156	0.570313	0.347656	0.695313	292	292	356	356	
DemonHunter_ShadowPower_Mouseover	0.355469	0.570313	0.417969	0.695313	364	292	428	356	
DemonHunter_ShadowPower_Normal	0.425781	0.570313	0.488281	0.695313	436	292	500	356	
DemonHunter_ShadowPower_Pushed	0.496094	0.570313	0.558594	0.695313	508	292	572	356	
DemonHunter_ElementalArrow_Inactive	0.566406	0.570313	0.628906	0.695313	580	292	644	356	
DemonHunter_ElementalArrow_Mouseover	0.636719	0.570313	0.699219	0.695313	652	292	716	356	
DemonHunter_ElementalArrow_Normal	0.707031	0.570313	0.769531	0.695313	724	292	788	356	
DemonHunter_ElementalArrow_Pushed	0.777344	0.570313	0.839844	0.695313	796	292	860	356	
DemonHunter_Multishot_Inactive	0.847656	0.570313	0.910156	0.695313	868	292	932	356	
DemonHunter_Multishot_Mouseover	0.917969	0.570313	0.980469	0.695313	940	292	1004	356	
DemonHunter_Multishot_Normal	0.003906	0.710938	0.066406	0.835938	4	364	68	428	
DemonHunter_Multishot_Pushed	0.074219	0.710938	0.136719	0.835938	76	364	140	428	
DemonHunter_Preparation_Inactive	0.144531	0.710938	0.207031	0.835938	148	364	212	428	
DemonHunter_Preparation_Mouseover	0.214844	0.710938	0.277344	0.835938	220	364	284	428	
DemonHunter_Preparation_Normal	0.285156	0.710938	0.347656	0.835938	292	364	356	428	
DemonHunter_Preparation_Pushed	0.355469	0.710938	0.417969	0.835938	364	364	428	428	
DemonHunter_RapidFire_Inactive	0.425781	0.710938	0.488281	0.835938	436	364	500	428	
DemonHunter_RapidFire_Mouseover	0.496094	0.710938	0.558594	0.835938	508	364	572	428	
DemonHunter_RapidFire_Normal	0.566406	0.710938	0.628906	0.835938	580	364	644	428	
DemonHunter_RapidFire_Pushed	0.636719	0.710938	0.699219	0.835938	652	364	716	428	
DemonHunter_ClusterArrow_Inactive	0.707031	0.710938	0.769531	0.835938	724	364	788	428	
DemonHunter_ClusterArrow_Mouseover	0.777344	0.710938	0.839844	0.835938	796	364	860	428	
DemonHunter_ClusterArrow_Normal	0.847656	0.710938	0.910156	0.835938	868	364	932	428	
DemonHunter_ClusterArrow_Pushed	0.917969	0.710938	0.980469	0.835938	940	364	1004	428	
DemonHunter_RainOfArrows_Inactive	0.003906	0.851563	0.066406	0.976563	4	436	68	500	
DemonHunter_RainOfArrows_Mouseover	0.074219	0.851563	0.136719	0.976563	76	436	140	500	
DemonHunter_RainOfArrows_Normal	0.144531	0.851563	0.207031	0.976563	148	436	212	500	
DemonHunter_RainOfArrows_Pushed	0.214844	0.851563	0.277344	0.976563	220	436	284	500	
DemonHunter_Strafe_Inactive	0.285156	0.851563	0.347656	0.976563	292	436	356	500	
DemonHunter_Strafe_Mouseover	0.355469	0.851563	0.417969	0.976563	364	436	428	500	
DemonHunter_Strafe_Normal	0.425781	0.851563	0.488281	0.976563	436	436	500	500	
DemonHunter_Strafe_Pushed	0.496094	0.851563	0.558594	0.976563	508	436	572	500	
