Name	Xpos(f)	Ypos(f)	XposEnd(f)	YposEnd(t)	Xpos(i)	Ypos(i)	XposEnd(i)	YposEnd(i)	
GameOptions_BackgroundNav	0.782715	0.000488	0.963379	0.341309	1603	1	1973	699	
GameOptions_Column	0.231934	0.612793	0.430664	0.906738	475	1255	882	1857	
GameOptions_ColumnGamma	0.782715	0.342285	0.967773	0.430664	1603	701	1982	882	
GameOptions_ColumnHeader	0.000488	0.612793	0.230957	0.928711	1	1255	473	1902	
GameOptions_Divider	0.782715	0.431641	0.953613	0.443359	1603	884	1953	908	
GameOptions_Gamma	0.000488	0.000488	0.781738	0.586426	1	1	1601	1201	
GameOptions_Header	0.431641	0.612793	0.662109	0.640137	884	1255	1356	1311	
GameOptions_BindingRow	0.000488	0.587402	0.594727	0.611816	1	1203	1218	1253	
GameOptions_MacNote	0.782715	0.444336	0.952637	0.525391	1603	910	1951	1076	
